can0 621 [7] 20 6D 70 31 01 06 00
can0 3C3 [8] AA 00 00 00 80 40 6B 15
can0 300 [8] 2D 00 1A 61 73 01 C8 14
can0 555 [8] E8 65 69 82 29 00 00 96
can0 300 [8] 2E 21 85 15 12 FA 1C 12
can0 651 [8] C0 13 54 8F 36 55 C0 00
can0 58C [8] 00 00 2E 00 00 00 00 00
can0 300 [8] 2F FA 53 25 00 00 1F 50
can0 658 [8] 70 00 00 0E 40 00 00 00
can0 300 [8] 10 00 25 00 00 1F 14 46
can0 740 [1] B1
can0 351 [8] 00 00 00 00 00 00 00 00
can0 359 [8] 20 01 00 00 00 6B 40 80
can0 5B5 [8] 01 0A 00 04 00 00 00 0F
can0 470 [8] 00 00 02 06 20 00 00 00
can0 531 [4] C3 60 D0 73
can0 740 [1] A3
can0 523 [8] FA 80 00 00 00 00 00 00
can0 300 [6] A1 0F 8A FF 4A FF
can0 43A [6] 0B 01 00 00 00 00
can0 527 [8] 10 01 00 40 7D 7D 81 00
can0 635 [3] 06 06 00
can0 3E1 [8] 30 81 20 13 47 19 81 00
can0 5C3 [2] 39 00
can0 6C2 [6] A0 0F 8A FF 4A FF
can0 470 [8] 00 00 02 06 20 00 00 00
can0 2C3 [1] 07
can0 42B [6] 0F 01 00 00 00 00
can0 151 [4] 00 A4 38 9C
can0 2C1 [5] 00 00 00 00 02
can0 531 [4] C3 60 E0 43
can0 575 [4] 47 00 00 80
can0 35B [8] 08 1A 0D C4 03 2C 02 BC
can0 623 [8] 00 22 17 17 24 02 20 26
can0 602 [8] 09 12 30 00 00 00 00 00
can0 621 [7] 20 6D 70 31 01 06 00
can0 3C3 [8] AA 00 00 00 80 E0 26 75
can0 555 [8] E8 65 69 01 29 00 00 96
can0 651 [8] C0 13 54 8F 36 55 C0 00
can0 65F [8] 00 00 00 00 00 54 52 55
can0 58C [8] 00 00 2E 00 00 00 00 00
can0 658 [8] 70 00 00 0E 40 00 00 00
can0 351 [8] 00 00 00 00 00 00 00 00
can0 359 [8] 20 01 00 00 00 6B 40 80
can0 42F [6] 16 01 00 00 00 00
can0 470 [8] 00 00 02 06 20 00 00 00
can0 531 [4] C3 60 F0 53
can0 740 [5] 15 00 02 21 14
can0 300 [1] B6
can0 3E1 [8] 30 81 21 13 47 19 81 00
can0 436 [6] 1A 01 00 00 00 00
can0 6C2 [6] A0 0F 8A FF 4A FF
can0 300 [8] 21 00 1A 61 14 22 4B 80
can0 2C1 [5] 00 00 00 00 02
can0 151 [4] 00 A4 88 2C
can0 300 [8] 22 22 4B 80 22 4B 80 22
can0 2C3 [1] 07
can0 470 [8] 00 00 02 06 20 00 00 00
can0 531 [4] C3 60 00 A3
can0 571 [6] AE 00 00 00 00 00
can0 35B [8] 08 24 0D C4 03 2C 02 BC
can0 65D [8] 35 DD 9F A3 11 6C A3 08
can0 300 [8] 23 4B 80 25 00 00 25 00
can0 621 [7] 20 6D 70 31 01 06 00
can0 300 [8] 14 00 25 00 00 25 00 00
can0 740 [1] B5
can0 3C3 [8] AA 00 00 00 80 80 F8 D5
can0 555 [8] E8 65 69 81 29 00 00 96
can0 651 [8] C0 13 54 8F 36 55 C0 00
can0 740 [1] A3
can0 58C [8] 00 00 2E 00 00 00 00 00
can0 300 [6] A1 0F 8A FF 4A FF
can0 43A [6] 0B 01 00 00 00 00
can0 658 [8] 70 00 00 0E 40 00 00 00
can0 351 [8] 00 00 00 00 00 00 00 00
can0 359 [8] 20 01 00 00 00 6B 40 80
can0 5B5 [8] 0F 04 00 04 00 00 00 0F
can0 470 [8] 00 00 02 06 20 00 00 00
can0 531 [4] C3 60 10 B3
can0 523 [8] FA 80 00 00 00 00 00 00
can0 5AB [2] 81 00
can0 527 [8] 10 01 00 40 7D 7D 81 00
can0 604 [8] 81 00 00 00 00 00 00 00
can0 635 [3] 06 06 00
can0 661 [8] 83 01 12 37 00 00 00 00
can0 3E1 [8] 30 81 21 13 47 19 81 00
can0 42B [6] 0F 01 00 00 00 00
can0 6C2 [6] A0 0F 8A FF 4A FF
can0 470 [8] 00 00 02 06 20 00 00 00
can0 740 [5] 16 00 02 21 02
can0 2C3 [1] 07
can0 2C1 [5] 00 00 00 00 02
can0 151 [4] 00 A4 D8 7C
can0 531 [4] C3 60 20 83
can0 300 [1] B7
can0 575 [4] 47 00 00 80
can0 35B [8] 08 1A 0D C4 03 2C 02 BC
can0 557 [8] E5 00 00 00 18 00 00 CA
can0 621 [7] 20 6D 70 31 01 06 00
can0 3C3 [8] AA 00 00 00 80 20 B5 35
can0 555 [8] E8 65 69 80 29 00 00 96
can0 651 [8] C0 13 54 8F 36 55 C0 00
can0 65F [8] 01 46 46 41 46 4B 34 41
can0 58C [8] 00 00 2E 00 00 00 00 00
can0 42F [6] 16 01 00 00 00 00
can0 658 [8] 70 00 00 0E 40 00 00 00
can0 351 [8] 00 00 00 00 00 00 00 00
can0 300 [8] 25 00 1A 61 02 01 C8 14
can0 359 [8] 20 01 00 00 00 6B 40 80
can0 300 [8] 26 21 85 16 16 FF 04 19
can0 470 [8] 00 00 02 06 20 00 00 00
can0 531 [4] C3 60 30 93
can0 300 [8] 27 03 02 25 00 00 25 01
can0 300 [8] 18 79 25 02 7A 25 00 00
can0 740 [1] B9
can0 363 [8] 20 20 20 20 20 20 20 20
can0 740 [1] A3
can0 3E1 [8] 30 81 21 13 47 19 81 00
can0 300 [6] A1 0F 8A FF 4A FF
can0 436 [6] 1A 01 00 00 00 00
can0 6C2 [6] A0 0F 8A FF 4A FF
can0 470 [8] 00 00 02 06 20 00 00 00
can0 2C3 [1] 07
can0 2C1 [5] 00 00 00 00 02
can0 151 [4] 00 A4 28 8C
can0 531 [4] C3 60 40 E3
can0 35B [8] 08 28 0D C4 03 2C 02 BC
can0 655 [8] F7 02 E0 0F 1E 00 00 DA
can0 621 [7] 20 6D 70 31 01 06 00
can0 3C3 [8] AA 00 00 00 80 C0 6C 95
can0 555 [8] E8 65 69 00 29 00 00 96
can0 43A [6] 0B 01 00 00 00 00
can0 651 [8] C0 13 54 8F 36 55 C0 00
can0 58C [8] 00 00 2E 00 00 00 00 00
can0 658 [8] 70 00 00 0E 40 00 00 00
can0 351 [8] 00 00 00 00 00 00 00 00
can0 627 [8] 04 28 28 28 28 28 28 28
can0 359 [8] 20 01 00 00 00 6B 40 80
can0 5B5 [8] 05 0E 00 04 00 00 00 0F
can0 470 [8] 00 00 02 06 20 00 00 00
can0 531 [4] C3 60 50 F3
can0 6C4 [1] A3
can0 6C5 [6] A1 0F 8A FF 4A FF
can0 523 [8] FA 80 00 00 00 00 00 00
can0 665 [7] 80 25 00 00 00 00 10
can0 527 [8] 10 01 00 40 7D 7D 81 00
can0 635 [3] 06 06 00
can0 3E1 [8] 30 81 21 13 47 19 81 00
can0 42B [6] 0F 01 00 00 00 00
can0 740 [5] 17 00 02 21 03
can0 300 [1] B8
can0 6C2 [6] A0 0F 8A FF 4A FF
can0 470 [8] 00 00 02 06 20 00 00 00
can0 2C3 [1] 07
can0 2C1 [5] 00 00 00 00 02
can0 151 [4] 00 A4 78 DC
can0 531 [4] C3 60 60 C3
can0 575 [4] 47 00 00 80
can0 35B [8] 08 22 0D C4 03 2C 02 BC
can0 653 [3] 82 02 84
can0 621 [7] 20 6D 70 31 01 06 00
can0 42F [6] 16 01 00 00 00 00
can0 3C3 [8] AA 00 00 00 80 60 21 F5
can0 300 [8] 29 00 1A 61 03 01 C8 14
can0 555 [8] E8 65 69 01 29 00 00 96
can0 300 [8] 2A 19 08 02 21 FF 09 1B
can0 651 [8] C0 13 54 8F 36 55 C0 00
can0 65F [8] 02 31 30 31 39 36 31 33
can0 58C [8] 00 00 2E 00 00 00 00 00
can0 300 [8] 2B 4B 77 05 0A C7 05 0A
can0 658 [8] 70 00 00 0E 40 00 00 00
can0 300 [8] 1C 96 25 00 00 25 00 00
can0 740 [1] BD
can0 351 [8] 00 00 00 00 00 00 00 00
can0 365 [8] 54 56 2F 56 49 44 45 4F
can0 662 [8] 81 00 00 00 00 00 00 00
can0 359 [8] 20 01 00 00 00 6B 40 80
can0 740 [1] A3
can0 470 [8] 00 00 02 06 20 00 00 00
can0 531 [4] C3 60 70 D3
can0 300 [6] A1 0F 8A FF 4A FF
can0 436 [6] 1A 01 00 00 00 00
can0 3E1 [8] 30 81 21 13 47 19 81 00
can0 5C3 [2] 39 00
can0 6C2 [6] A0 0F 8A FF 4A FF
can0 470 [8] 00 00 02 06 20 00 00 00
can0 2C3 [1] 07
can0 2C1 [5] 00 00 00 00 02
can0 151 [4] 00 A4 C8 6C
can0 43A [6] 0B 01 00 00 00 00
can0 531 [4] C3 60 80 23
can0 35B [8] 08 1A 0D C4 03 2C 02 BC
can0 621 [7] 20 6D 70 31 01 06 00
can0 602 [8] 09 12 30 00 00 00 00 00
can0 3C3 [8] AA 00 00 00 80 00 FF 55
can0 555 [8] E8 65 69 01 29 00 00 96
can0 651 [8] C0 13 54 8F 36 55 C0 00
can0 58C [8] 00 00 2E 00 00 00 00 00
can0 658 [8] 70 00 00 0E 40 00 00 00
can0  [8] 00 00 00 00 00 00 00 00
can0 6C1 [1] A3
can0 359 [8] 20 01 00 00 00 6B 40 80
can0 5B5 [8] 03 08 00 04 00 00 00 0F
can0 470 [8] 00 00 02 06 20 00 00 00
can0 531 [4] C3 60 90 33
can0 42B [6] 0F 01 00 00 00 00
can0 523 [8] FA 80 00 00 00 00 00 00
can0 527 [8] 10 01 00 40 7D 7D 81 00
can0 635 [3] 06 06 00
can0 3E1 [8] 30 81 20 12 47 19 81 00
can0 740 [5] 18 00 02 21 6A
can0 300 [1] B9
can0 6C2 [1] A8
can0 6C0 [6] A1 0F 8A FF 4A FF
can0 42F [6] 16 01 00 00 00 00
can0 470 [8] 00 00 02 06 20 00 00 00
can0 2C3 [1] 07
can0 151 [4] 00 A4 18 BC
can0 2C1 [5] 00 00 00 00 02
can0 531 [4] C3 60 A0 03
can0 571 [6] AE 00 00 00 00 00
can0 575 [4] 47 00 00 80
can0 35B [8] 08 1A 0D C4 03 2C 02 BD
can0 300 [8] 2D 00 1A 61 6A 53 0F A0
can0 621 [7] 20 6D 70 31 01 06 00
can0 300 [8] 2E 53 0F 97 21 FF 8F 1A
can0 3C3 [8] AA 00 00 00 80 A0 B2 B5
can0 300 [8] 2F 30 84 05 0A C7 5A 02
can0 555 [8] E8 65 69 83 29 00 00 96
can0 300 [8] 10 18 5A 02 69 36 00 06
can0 740 [1] B1
can0 651 [8] C0 13 54 8F 36 55 C0 00
can0 65F [8] 00 00 00 00 00 54 52 55
can0 58C [8] 00 00 2E 00 00 00 00 00
can0 658 [8] 70 00 00 0E 40 00 00 00
can0 3E3 [8] 00 00 8A 01 00 74 00 00
can0 351 [8] 00 00 00 00 00 00 00 00
can0 740 [1] A3
can0 359 [8] 20 01 00 00 00 6B 40 80
can0 300 [6] A1 0F 8A FF 4A FF
can0 470 [8] 00 00 02 06 20 00 00 00
can0 436 [6] 1A 01 00 00 00 00
can0 531 [4] C3 60 B0 13
can0 3E1 [8] 30 81 21 12 47 19 81 00
can0 43A [6] 0B 01 00 00 00 00
can0 6C2 [6] A0 0F 8A FF 4A FF
can0 470 [8] 00 00 02 06 20 00 00 00
can0 2C3 [1] 07
can0 151 [4] 00 A4 68 CC
can0 2C1 [5] 00 00 00 00 02
can0 531 [4] C3 60 C0 63
can0 35B [8] 08 1C 0D C4 03 2C 02 BD
can0 557 [8] E5 00 00 00 18 00 00 CA
can0 621 [7] 20 6D 70 31 01 06 00
can0 3C3 [8] AA 00 00 00 80 40 6B 15
can0 555 [8] E8 65 69 02 29 00 00 96
can0 651 [8] C0 13 54 8F 36 55 C0 00
can0 58C [8] 00 00 2E 00 00 00 00 00
can0 658 [8] 70 00 00 0E 40 00 00 00
can0 351 [8] 00 00 00 00 00 00 00 00
can0 42B [6] 0F 01 00 00 00 00
can0 359 [8] 20 01 00 00 00 6B 40 80